dataset
weather
aids
airlines
billionaires
broadway
business-dynamics
cancer
cars
classics
construction-permits
construction-spending
county-demographics
drugs
earthquakes
election
emissions
energy
finance
food
food-access
global-development
graduates
health
hospitals
hydropower
injuries
labor
medal-of-honor
music
opioids
police-shootings
publishers
real-estate
retail-services
school-scores
skyscrapers
slavery
state-crime
state-demographics
state-fragility
suicide-attacks
supreme-court
tate
video-games
wind-turbines
electricity
covid
ingredients
